mcf_perlbench_xalancbmk_xz_parest_deepsjeng.py,37.900475,28.718728,1756350,1232062,4391,9771,0,2391429,1232061,106238,1125823
deepsjeng_gcc_povray_parest_lbm_leela.py,39.069582,0.0,361078,0,3,1002,0,528253,0,0,0
perlbench_nab_parest_xz_xalancbmk_deepsjeng.py,37.789886,28.792812,1557521,1033233,3417,8913,0,2099592,1033216,60559,972657
parest_deepsjeng_nab_leela_povray_lbm.py,39.287389,0.0,356331,0,0,910,0,525059,0,0,0
deepsjeng_imagick_povray_mcf_parest_perlbench.py,37.094081,29.975439,1681225,1156937,6355,20318,0,2162373,1156926,149582,1007344
perlbench_leela_deepsjeng_lbm_nab_mcf.py,40.03686,0.0,339813,0,1,1123,0,513748,0,0,0
deepsjeng_nab_mcf_parest_xalancbmk_imagick.py,37.178004,29.964898,1566376,1042088,235,1378,0,2011035,1042088,144656,897432
gcc_xalancbmk_nab_lbm_imagick_deepsjeng.py,37.776817,29.360764,1607121,1082833,165,1866,0,2142945,1082833,235035,847798
lbm_perlbench_deepsjeng_gcc_imagick_leela.py,38.424596,0.0,355061,0,6,1273,0,515561,0,0,0
povray_gcc_lbm_namd_deepsjeng_parest.py,37.234856,29.371127,593856,69568,75,3229,0,842582,69547,7252,62295
namd_imagick_parest_deepsjeng_xalancbmk_povray.py,36.105214,30.181317,598818,74530,66,2603,0,768748,74527,3209,71318
